# A006878 b-file using data from http://www.ericr.nl/wondrous/delrecs.html as of 2024-08-06
1 0
2 1
3 7
4 8
5 16
6 19
7 20
8 23
9 111
10 112
11 115
12 118
13 121
14 124
15 127
16 130
17 143
18 144
19 170
20 178
21 181
22 182
23 208
24 216
25 237
26 261
27 267
28 275
29 278
30 281
31 307
32 310
33 323
34 339
35 350
36 353
37 374
38 382
39 385
40 442
41 448
42 469
43 508
44 524
45 527
46 530
47 556
48 559
49 562
50 583
51 596
52 612
53 664
54 685
55 688
56 691
57 704
58 705
59 744
60 949
61 950
62 953
63 956
64 964
65 965
66 986
67 987
68 1000
69 1008
70 1050
71 1087
72 1131
73 1132
74 1153
75 1184
76 1210
77 1213
78 1219
79 1220
80 1228
81 1234
82 1242
83 1255
84 1307
85 1308
86 1321
87 1324
88 1332
89 1335
90 1348
91 1356
92 1408
93 1411
94 1437
95 1440
96 1443
97 1549
98 1550
99 1563
100 1566
101 1569
102 1585
103 1588
104 1601
105 1617
106 1638
107 1651
108 1659
109 1662
110 1820
111 1823
112 1847
113 1853
114 1856
115 1859
116 1862
117 1865
118 1868
119 1871
120 1874
121 1895
122 1903
123 1916
124 1919
125 1958
126 2039
127 2042
128 2045
129 2046
130 2090
131 2091
132 2254
133 2255
134 2258
135 2261
136 2264
137 2277
138 2283
139 2286
140 2330
141 2331
142 2334
143 2337
144 2363
145 2389
146 2426
147 2429
148 2442
