# A006885 b-file, terms 1..84 from T. D. Noe, extended to n=97 using data from E. Rosendaal's 3x+1 Path Records by Hugo Pfoertner 2025-01-13
1 1
2 2
3 16
4 52
5 160
6 9232
7 13120
8 39364
9 41524
10 250504
11 1276936
12 6810136
13 8153620
14 27114424
15 50143264
16 106358020
17 121012864
18 593279152
19 1570824736
20 2482111348
21 2798323360
22 17202377752
23 24648077896
24 52483285312
25 56991483520
26 90239155648
27 139646736808
28 151629574372
29 155904349696
30 156914378224
31 190459818484
32 352617812944
33 622717901620
34 858555169576
35 1318802294932
36 2412493616608
37 4799996945368
38 60342610919632
39 306296925203752
40 474637698851092
41 2185143829170100
42 3277901576118580
43 6404797161121264
44 1414236446719942480
45 7125885122794452160
46 18144594937356598024
47 20722398914405051728
48 68838156641548227040
49 82341648902022834004
50 114639617141613998440
51 151499365062390201544
52 205736389371841852168
53 420967113788389829704
54 916613029076867799856
55 1372453649566268380360
56 1415260793009654991088
57 2190343823882874513556
58 21948483635670417963748
59 39533276910778060381072
60 100540173225585986235988
61 400558740821250122033728
62 770419949849742373052272
63 207936463344549949044875464
64 252229527183443335194424192
65 1274106920208158465786267728
66 2530584067833784961226236392
67 5273951024177606003893970416
68 5714408156157933111695433652
69 7075117872267453520486656928
70 12108564226454891009213839300
71 25601393410042456822885239364
72 45762883485945724291985239552
73 75369331597564893380215011856
74 3646072622928560527441864282048
75 3929460878594911451658957991888
76 26942114016703358404007889376672
77 350589187937078188831873920282244
78 603506208138015336516148529351572
79 1751225500192396394150998842490900
80 4230725549373731554971726813360064
81 4236179082564025237818370536113560
82 4353436332008631522202821543171376
83 4830857225169174231293987863972468
84 8665503693066416873780213986553668
85 13437895949925724698230081768463808
86 62536321776054750010410338086629508
87 280493806694884058606277170574851524
88 319391343969356241864419199325107352
89 64024667322193133530165877294264738020
90 184205090392973641269559856133660428872
91 593393421816294729494460596878576979284
92 964385262182693753484691749002792632456
93 9055383924226744340579466230337749396932
94 113298124744388651798242538014293435290632
95 146323898913724962892154638143488597621248
96 177277029166395089012736925130207466469456
97 788340337342148717335104033908060039028328
